{
  "nbformat": 4,
  "nbformat_minor": 0,
  "metadata": {
    "colab": {
      "provenance": [],
      "include_colab_link": true
    },
    "kernelspec": {
      "name": "python3",
      "display_name": "Python 3"
    },
    "language_info": {
      "name": "python"
    }
  },
  "cells": [
    {
      "cell_type": "markdown",
      "metadata": {
        "id": "view-in-github",
        "colab_type": "text"
      },
      "source": [
        "<a href=\"https://colab.research.google.com/github/gsilver321/project_chd/blob/main/project2_paper.ipynb\" target=\"_parent\"><img src=\"https://colab.research.google.com/assets/colab-badge.svg\" alt=\"Open In Colab\"/></a>"
      ]
    },
    {
      "cell_type": "markdown",
      "source": [
        "# Project 2 CHD Paper\n",
        "### DS 3001: Foundations of Machine Learning\n",
        "### Gabe Silverstein, Rohan Chowla, Evan Stewart, and Rithwik Raman"
      ],
      "metadata": {
        "id": "QgTji24zS5BU"
      }
    },
    {
      "cell_type": "markdown",
      "source": [
        "## Summary\n",
        "\n",
        ">  This research project aimed to develop a predictive model for Coronary Heart Disease (CHD) utilizing data from the Framingham Heart Study. To develop this model, the group first posed its research question: how can we utilize various conditions and risk factors to construct a reliable model that accurately forecasts whether someone is at risk for CHD in ten years? We then scanned the dataset which included a diverse range of factors such as age, smoking status (current smoker or not), number of cigarettes smoked per day, presence of diabetes, and body mass index (BMI). With the research question formulated and the dataset determined, the methodology needed to address this question was developed. The group initially researched which types of models work well in this scenario and determined that classifiers would work well. We then settled on using an iterative approach to test different classifiers and hyperparameters until finally picking a decision tree algorithm to build the predictive model. While this approach may not be the most efficient, it was easy to implement and worked pretty well in this scenario.\n",
        "When setting up our decision tree, we did some searching to find some of the most highly correlated subsets of variables to determine feature importance. These searches were performed on cleaned data that had been imputed and winsorized. We found the five most important variables to be: `sysBP` (systolic blood pressure), `glucose`, `totChol` (total cholesterol), `age`, and `cigsPerDay` (self-reported number of average cigarettes consumed per day). Once the variables were determined, the train data was oversampled to ensure that there is an equal number of participants with risk of heart disease and those without for the model to be trained on. The decision tree model created with these parameters and train data performed pretty well, as indicated by an area under the curve (AUC) value of approximately 0.65.\n",
        "Through incorporating a comprehensive set of risk factors and iteratively tuning the hyperparameters, the decision tree demonstrated good effectiveness in accurately predicting the risk of ten-year CHD. The relatively high AUC value suggests that the model's ability to distinguish between individuals who are at risk and those who aren’t is better than random chance. Although the group faced challenges in developing the model, we were able to create a pretty successful strategy to answer our research question. Using, `sysBP`, `glucose`, `totChol`, `age`, and `cigsPerDay`, we constructed a reliable model that did better than random chance at forecasting the ten-year risk of CHD.\n",
        "\n",
        "\n",
        "\n",
        "\n"
      ],
      "metadata": {
        "id": "POhWBxzNWtVO"
      }
    },
    {
      "cell_type": "markdown",
      "source": [
        "## Data Analysis\n",
        "\n",
        "\n",
        "\n",
        "> For this data analysis, the group pulled variables from the provided Framingham Heart Study on Coronary Heart Disease which has been running since 1948 and is now on its third generation of participants. The variables from the dataset include:\n",
        "\n",
        ">```\n",
        "sex: the recorded sex of the participant with 1 denoting a participant coded as male and 0 denoting a participant coded as female\n",
        "age : Age at the time of medical examination in years.\n",
        "education: A categorical variable of the participants education, with the levels: Some high school (1), high school/GED (2), some college/vocational school (3), college (4)\n",
        "currentSmoker: Current cigarette smoking at the time of examinations\n",
        "cigsPerDay: Number of cigarettes smoked each day\n",
        "BPmeds: Use of Anti-hypertensive medication at exam\n",
        "prevalentStroke: Prevalent Stroke (0 = free of disease)\n",
        "prevalentHyp: Prevalent Hypertensive. Subject was defined as hypertensive if treated\n",
        "diabetes: Diabetic according to criteria of first exam treated\n",
        "totChol: Total cholesterol (mg/dL)\n",
        "sysBP: Systolic Blood Pressure (mmHg)\n",
        "diaBP: Diastolic blood pressure (mmHg)\n",
        "BMI: Body Mass Index, weight (kg)/height (m)^2\n",
        "heartRate: Heart rate (beats/minute)\n",
        "glucose: Blood glucose level (mg/dL)\n",
        "TenYearCHD : The 10 year risk of coronary heart disease (CHD)\n",
        "\n",
        "> Although this dataset had many potential variables for the predictive model, the group did not have trouble reading in the dataset. The files weren't too large and had already been split up into train and test data. Additionally, all of the categorical variables (e.g. sex, education, etc.) had already been integer encoded which made comparing variables much easier later on.\n",
        "\n",
        "> Despite the data being formatted pretty nicely, the group still had some challenges cleaning the data and preparing it for the predictive model. Specifically, we had to deal with outliers. In order to ensure that the model had an easier time at predicting the risk of ten-year heart disease, we winsorized all of the continuous variables and brought the outliers within the whiskers of the boxplot distribution. After ommitting most outliers, we needed to fix null and missing values. For the train data, these missings were counted at 85, 24, 37, 39, 15, and 285 for education, `cigsPerDay`, `BPMeds`, `totChol`, `BMI`, and `glucose`, respectively. For the test data, they were counted at 20, 5, 16, 11, 4, 1, and 103 for `education`, `cigsPerDay`, `BPMeds`, `totChol`, `BMI`, `heartRate`, and `glucose`, respectively. Even though some of these variables had a decent number of missings, the provided data dictionary didn’t have much explanation. Some of these missing values can likely be attributed to invalid readings or participants skipping some questions during the study. For all null and missing values across the variables, they were imputed using the median of their respective variable category. This process resulted in zero null values in all variables. This imputation was done to further omit the effect of outliers in the dataset while still preserving the sample size of the data and reducing bias. If the null values were just dropped, we could have lost a lot of valuable data that would have affected our correlation matrix, visualizations, and predictive model.\n",
        "\n",
        "> Even though the group replaced the null values, it still faced challenges in preparing the data for analysis. In both the train and test data, the group had to drop an unnamed column that was irrelevant to the CHD data. Additionally, we had to feature scale our variables using a min-max scaler so that our model wasn’t disproportionally affected. Not only did it take the group a while to remember the importance of feature scaling, but it took time to figure out that we couldn’t use the standard scaler since our target variable needed to stay binary for later classification. All of the aforementioned cleaning can be found in the `chd_cleaning.ipynb` file listed in the group's GitHub repository and within this Data Analysis section.\n",
        "\n",
        "> The variables relevant to our model were determined by creating a correlation matrix between the selected variables of interest, as discussed in further detail in the results section. The variables were then further compared with a chi-squared independence test which is also explained further in the results section. These tools led to the selection of `sysBP`, `glucose`, `totChol`, `age`, and `cigsPerDay` as the five most important features for the model.\n"
      ],
      "metadata": {
        "id": "PHgCJ9rQW2DC"
      }
    },
    {
      "cell_type": "code",
      "source": [
        "import numpy as np\n",
        "import pandas as pd\n",
        "import matplotlib.pyplot as plt\n",
        "import seaborn as sns\n",
        "from sklearn.tree import DecisionTreeClassifier, plot_tree\n",
        "from sklearn.metrics import classification_report, confusion_matrix, ConfusionMatrixDisplay, RocCurveDisplay\n",
        "from sklearn.preprocessing import MinMaxScaler\n",
        "from sklearn.feature_selection import SelectKBest, chi2\n",
        "from imblearn.over_sampling import RandomOverSampler\n",
        "\n",
        "! git clone https://github.com/gsilver321/project_chd"
      ],
      "metadata": {
        "colab": {
          "base_uri": "https://localhost:8080/"
        },
        "id": "YwrX93QXW1Uz",
        "outputId": "5497cfcd-9d9a-4d82-a6bb-3d437b280b5a"
      },
      "execution_count": null,
      "outputs": [
        {
          "output_type": "stream",
          "name": "stdout",
          "text": [
            "Cloning into 'project_chd'...\n",
            "remote: Enumerating objects: 42, done.\u001b[K\n",
            "remote: Counting objects: 100% (26/26), done.\u001b[K\n",
            "remote: Compressing objects: 100% (25/25), done.\u001b[K\n",
            "remote: Total 42 (delta 16), reused 1 (delta 1), pack-reused 16\u001b[K\n",
            "Receiving objects: 100% (42/42), 1.05 MiB | 12.36 MiB/s, done.\n",
            "Resolving deltas: 100% (20/20), done.\n"
          ]
        }
      ]
    },
    {
      "cell_type": "code",
      "source": [
        "df_train = pd.read_csv('project_chd/fhs_train_clean.csv') # data cleaning can be found at chd_cleaning.ipynb in GitHub\n",
        "df_test = pd.read_csv('project_chd/fhs_test_clean.csv')"
      ],
      "metadata": {
        "id": "A4dUj84Tq-O0"
      },
      "execution_count": null,
      "outputs": []
    },
    {
      "cell_type": "code",
      "source": [
        "df_train.corr(method='kendall') # look for any relationships between variables. Use kendall coefficient to check for nonlinear relationship"
      ],
      "metadata": {
        "colab": {
          "base_uri": "https://localhost:8080/",
          "height": 551
        },
        "id": "pD9j7UhWOF5X",
        "outputId": "52dbd21c-05d9-4330-d2bf-26b1a381bfa5"
      },
      "execution_count": null,
      "outputs": [
        {
          "output_type": "execute_result",
          "data": {
            "text/plain": [
              "                      sex       age  education  currentSmoker  cigsPerDay  \\\n",
              "sex              1.000000 -0.032634  -0.015515       0.198117    0.258595   \n",
              "age             -0.032634  1.000000  -0.152685      -0.178461   -0.166229   \n",
              "education       -0.015515 -0.152685   1.000000       0.018438    0.010699   \n",
              "currentSmoker    0.198117 -0.178461   0.018438       1.000000    0.834704   \n",
              "cigsPerDay       0.258595 -0.166229   0.010699       0.834704    1.000000   \n",
              "BPMeds          -0.042453  0.092224  -0.016221      -0.050967   -0.045587   \n",
              "prevalentStroke  0.007104  0.049907  -0.028266      -0.033461   -0.030472   \n",
              "prevalentHyp     0.010722  0.246111  -0.085961      -0.098607   -0.080193   \n",
              "diabetes         0.020140  0.078816  -0.038032      -0.038440   -0.031612   \n",
              "totChol         -0.051286  0.199093  -0.025142      -0.022091   -0.017633   \n",
              "sysBP            0.003340  0.272599  -0.107230      -0.111100   -0.083150   \n",
              "diaBP            0.061399  0.145404  -0.055781      -0.088200   -0.060177   \n",
              "BMI              0.115517  0.098331  -0.120590      -0.149925   -0.108012   \n",
              "heartRate       -0.089758 -0.012016  -0.045058       0.060750    0.062167   \n",
              "glucose         -0.001420  0.074492  -0.025284      -0.067990   -0.070037   \n",
              "TenYearCHD       0.097138  0.185685  -0.060389       0.001644    0.027315   \n",
              "\n",
              "                   BPMeds  prevalentStroke  prevalentHyp  diabetes   totChol  \\\n",
              "sex             -0.042453         0.007104      0.010722  0.020140 -0.051286   \n",
              "age              0.092224         0.049907      0.246111  0.078816  0.199093   \n",
              "education       -0.016221        -0.028266     -0.085961 -0.038032 -0.025142   \n",
              "currentSmoker   -0.050967        -0.033461     -0.098607 -0.038440 -0.022091   \n",
              "cigsPerDay      -0.045587        -0.030472     -0.080193 -0.031612 -0.017633   \n",
              "BPMeds           1.000000         0.124104      0.252398  0.053527  0.055880   \n",
              "prevalentStroke  0.124104         1.000000      0.068668 -0.013348 -0.001260   \n",
              "prevalentHyp     0.252398         0.068668      1.000000  0.081750  0.133831   \n",
              "diabetes         0.053527        -0.013348      0.081750  1.000000  0.025079   \n",
              "totChol          0.055880        -0.001260      0.133831  0.025079  1.000000   \n",
              "sysBP            0.162522         0.046573      0.571376  0.072657  0.150675   \n",
              "diaBP            0.148577         0.033651      0.510680  0.037227  0.117587   \n",
              "BMI              0.064677        -0.009087      0.233327  0.059401  0.097408   \n",
              "heartRate       -0.015720        -0.016437      0.115267  0.037898  0.051303   \n",
              "glucose          0.015857         0.003514      0.061170  0.167779  0.012432   \n",
              "TenYearCHD       0.086845         0.062357      0.163910  0.105644  0.077161   \n",
              "\n",
              "                    sysBP     diaBP       BMI  heartRate   glucose  TenYearCHD  \n",
              "sex              0.003340  0.061399  0.115517  -0.089758 -0.001420    0.097138  \n",
              "age              0.272599  0.145404  0.098331  -0.012016  0.074492    0.185685  \n",
              "education       -0.107230 -0.055781 -0.120590  -0.045058 -0.025284   -0.060389  \n",
              "currentSmoker   -0.111100 -0.088200 -0.149925   0.060750 -0.067990    0.001644  \n",
              "cigsPerDay      -0.083150 -0.060177 -0.108012   0.062167 -0.070037    0.027315  \n",
              "BPMeds           0.162522  0.148577  0.064677  -0.015720  0.015857    0.086845  \n",
              "prevalentStroke  0.046573  0.033651 -0.009087  -0.016437  0.003514    0.062357  \n",
              "prevalentHyp     0.571376  0.510680  0.233327   0.115267  0.061170    0.163910  \n",
              "diabetes         0.072657  0.037227  0.059401   0.037898  0.167779    0.105644  \n",
              "totChol          0.150675  0.117587  0.097408   0.051303  0.012432    0.077161  \n",
              "sysBP            1.000000  0.602487  0.219806   0.111201  0.069853    0.153780  \n",
              "diaBP            0.602487  1.000000  0.258468   0.119190  0.029773    0.100596  \n",
              "BMI              0.219806  0.258468  1.000000   0.038487  0.045513    0.057267  \n",
              "heartRate        0.111201  0.119190  0.038487   1.000000  0.059743    0.015280  \n",
              "glucose          0.069853  0.029773  0.045513   0.059743  1.000000    0.038098  \n",
              "TenYearCHD       0.153780  0.100596  0.057267   0.015280  0.038098    1.000000  "
            ],
            "text/html": [
              "\n",
              "  <div id=\"df-0cbfc8bd-0f4b-4c5b-9d8b-926af02e2ef4\" class=\"colab-df-container\">\n",
              "    <div>\n",
              "<style scoped>\n",
              "    .dataframe tbody tr th:only-of-type {\n",
              "        vertical-align: middle;\n",
              "    }\n",
              "\n",
              "    .dataframe tbody tr th {\n",
              "        vertical-align: top;\n",
              "    }\n",
              "\n",
              "    .dataframe thead th {\n",
              "        text-align: right;\n",
              "    }\n",
              "</style>\n",
              "<table border=\"1\" class=\"dataframe\">\n",
              "  <thead>\n",
              "    <tr style=\"text-align: right;\">\n",
              "      <th></th>\n",
              "      <th>sex</th>\n",
              "      <th>age</th>\n",
              "      <th>education</th>\n",
              "      <th>currentSmoker</th>\n",
              "      <th>cigsPerDay</th>\n",
              "      <th>BPMeds</th>\n",
              "      <th>prevalentStroke</th>\n",
              "      <th>prevalentHyp</th>\n",
              "      <th>diabetes</th>\n",
              "      <th>totChol</th>\n",
              "      <th>sysBP</th>\n",
              "      <th>diaBP</th>\n",
              "      <th>BMI</th>\n",
              "      <th>heartRate</th>\n",
              "      <th>glucose</th>\n",
              "      <th>TenYearCHD</th>\n",
              "    </tr>\n",
              "  </thead>\n",
              "  <tbody>\n",
              "    <tr>\n",
              "      <th>sex</th>\n",
              "      <td>1.000000</td>\n",
              "      <td>-0.032634</td>\n",
              "      <td>-0.015515</td>\n",
              "      <td>0.198117</td>\n",
              "      <td>0.258595</td>\n",
              "      <td>-0.042453</td>\n",
              "      <td>0.007104</td>\n",
              "      <td>0.010722</td>\n",
              "      <td>0.020140</td>\n",
              "      <td>-0.051286</td>\n",
              "      <td>0.003340</td>\n",
              "      <td>0.061399</td>\n",
              "      <td>0.115517</td>\n",
              "      <td>-0.089758</td>\n",
              "      <td>-0.001420</td>\n",
              "      <td>0.097138</td>\n",
              "    </tr>\n",
              "    <tr>\n",
              "      <th>age</th>\n",
              "      <td>-0.032634</td>\n",
              "      <td>1.000000</td>\n",
              "      <td>-0.152685</td>\n",
              "      <td>-0.178461</td>\n",
              "      <td>-0.166229</td>\n",
              "      <td>0.092224</td>\n",
              "      <td>0.049907</td>\n",
              "      <td>0.246111</td>\n",
              "      <td>0.078816</td>\n",
              "      <td>0.199093</td>\n",
              "      <td>0.272599</td>\n",
              "      <td>0.145404</td>\n",
              "      <td>0.098331</td>\n",
              "      <td>-0.012016</td>\n",
              "      <td>0.074492</td>\n",
              "      <td>0.185685</td>\n",
              "    </tr>\n",
              "    <tr>\n",
              "      <th>education</th>\n",
              "      <td>-0.015515</td>\n",
              "      <td>-0.152685</td>\n",
              "      <td>1.000000</td>\n",
              "      <td>0.018438</td>\n",
              "      <td>0.010699</td>\n",
              "      <td>-0.016221</td>\n",
              "      <td>-0.028266</td>\n",
              "      <td>-0.085961</td>\n",
              "      <td>-0.038032</td>\n",
              "      <td>-0.025142</td>\n",
              "      <td>-0.107230</td>\n",
              "      <td>-0.055781</td>\n",
              "      <td>-0.120590</td>\n",
              "      <td>-0.045058</td>\n",
              "      <td>-0.025284</td>\n",
              "      <td>-0.060389</td>\n",
              "    </tr>\n",
              "    <tr>\n",
              "      <th>currentSmoker</th>\n",
              "      <td>0.198117</td>\n",
              "      <td>-0.178461</td>\n",
              "      <td>0.018438</td>\n",
              "      <td>1.000000</td>\n",
              "      <td>0.834704</td>\n",
              "      <td>-0.050967</td>\n",
              "      <td>-0.033461</td>\n",
              "      <td>-0.098607</td>\n",
              "      <td>-0.038440</td>\n",
              "      <td>-0.022091</td>\n",
              "      <td>-0.111100</td>\n",
              "      <td>-0.088200</td>\n",
              "      <td>-0.149925</td>\n",
              "      <td>0.060750</td>\n",
              "      <td>-0.067990</td>\n",
              "      <td>0.001644</td>\n",
              "    </tr>\n",
              "    <tr>\n",
              "      <th>cigsPerDay</th>\n",
              "      <td>0.258595</td>\n",
              "      <td>-0.166229</td>\n",
              "      <td>0.010699</td>\n",
              "      <td>0.834704</td>\n",
              "      <td>1.000000</td>\n",
              "      <td>-0.045587</td>\n",
              "      <td>-0.030472</td>\n",
              "      <td>-0.080193</td>\n",
              "      <td>-0.031612</td>\n",
              "      <td>-0.017633</td>\n",
              "      <td>-0.083150</td>\n",
              "      <td>-0.060177</td>\n",
              "      <td>-0.108012</td>\n",
              "      <td>0.062167</td>\n",
              "      <td>-0.070037</td>\n",
              "      <td>0.027315</td>\n",
              "    </tr>\n",
              "    <tr>\n",
              "      <th>BPMeds</th>\n",
              "      <td>-0.042453</td>\n",
              "      <td>0.092224</td>\n",
              "      <td>-0.016221</td>\n",
              "      <td>-0.050967</td>\n",
              "      <td>-0.045587</td>\n",
              "      <td>1.000000</td>\n",
              "      <td>0.124104</td>\n",
              "      <td>0.252398</td>\n",
              "      <td>0.053527</td>\n",
              "      <td>0.055880</td>\n",
              "      <td>0.162522</td>\n",
              "      <td>0.148577</td>\n",
              "      <td>0.064677</td>\n",
              "      <td>-0.015720</td>\n",
              "      <td>0.015857</td>\n",
              "      <td>0.086845</td>\n",
              "    </tr>\n",
              "    <tr>\n",
              "      <th>prevalentStroke</th>\n",
              "      <td>0.007104</td>\n",
              "      <td>0.049907</td>\n",
              "      <td>-0.028266</td>\n",
              "      <td>-0.033461</td>\n",
              "      <td>-0.030472</td>\n",
              "      <td>0.124104</td>\n",
              "      <td>1.000000</td>\n",
              "      <td>0.068668</td>\n",
              "      <td>-0.013348</td>\n",
              "      <td>-0.001260</td>\n",
              "      <td>0.046573</td>\n",
              "      <td>0.033651</td>\n",
              "      <td>-0.009087</td>\n",
              "      <td>-0.016437</td>\n",
              "      <td>0.003514</td>\n",
              "      <td>0.062357</td>\n",
              "    </tr>\n",
              "    <tr>\n",
              "      <th>prevalentHyp</th>\n",
              "      <td>0.010722</td>\n",
              "      <td>0.246111</td>\n",
              "      <td>-0.085961</td>\n",
              "      <td>-0.098607</td>\n",
              "      <td>-0.080193</td>\n",
              "      <td>0.252398</td>\n",
              "      <td>0.068668</td>\n",
              "      <td>1.000000</td>\n",
              "      <td>0.081750</td>\n",
              "      <td>0.133831</td>\n",
              "      <td>0.571376</td>\n",
              "      <td>0.510680</td>\n",
              "      <td>0.233327</td>\n",
              "      <td>0.115267</td>\n",
              "      <td>0.061170</td>\n",
              "      <td>0.163910</td>\n",
              "    </tr>\n",
              "    <tr>\n",
              "      <th>diabetes</th>\n",
              "      <td>0.020140</td>\n",
              "      <td>0.078816</td>\n",
              "      <td>-0.038032</td>\n",
              "      <td>-0.038440</td>\n",
              "      <td>-0.031612</td>\n",
              "      <td>0.053527</td>\n",
              "      <td>-0.013348</td>\n",
              "      <td>0.081750</td>\n",
              "      <td>1.000000</td>\n",
              "      <td>0.025079</td>\n",
              "      <td>0.072657</td>\n",
              "      <td>0.037227</td>\n",
              "      <td>0.059401</td>\n",
              "      <td>0.037898</td>\n",
              "      <td>0.167779</td>\n",
              "      <td>0.105644</td>\n",
              "    </tr>\n",
              "    <tr>\n",
              "      <th>totChol</th>\n",
              "      <td>-0.051286</td>\n",
              "      <td>0.199093</td>\n",
              "      <td>-0.025142</td>\n",
              "      <td>-0.022091</td>\n",
              "      <td>-0.017633</td>\n",
              "      <td>0.055880</td>\n",
              "      <td>-0.001260</td>\n",
              "      <td>0.133831</td>\n",
              "      <td>0.025079</td>\n",
              "      <td>1.000000</td>\n",
              "      <td>0.150675</td>\n",
              "      <td>0.117587</td>\n",
              "      <td>0.097408</td>\n",
              "      <td>0.051303</td>\n",
              "      <td>0.012432</td>\n",
              "      <td>0.077161</td>\n",
              "    </tr>\n",
              "    <tr>\n",
              "      <th>sysBP</th>\n",
              "      <td>0.003340</td>\n",
              "      <td>0.272599</td>\n",
              "      <td>-0.107230</td>\n",
              "      <td>-0.111100</td>\n",
              "      <td>-0.083150</td>\n",
              "      <td>0.162522</td>\n",
              "      <td>0.046573</td>\n",
              "      <td>0.571376</td>\n",
              "      <td>0.072657</td>\n",
              "      <td>0.150675</td>\n",
              "      <td>1.000000</td>\n",
              "      <td>0.602487</td>\n",
              "      <td>0.219806</td>\n",
              "      <td>0.111201</td>\n",
              "      <td>0.069853</td>\n",
              "      <td>0.153780</td>\n",
              "    </tr>\n",
              "    <tr>\n",
              "      <th>diaBP</th>\n",
              "      <td>0.061399</td>\n",
              "      <td>0.145404</td>\n",
              "      <td>-0.055781</td>\n",
              "      <td>-0.088200</td>\n",
              "      <td>-0.060177</td>\n",
              "      <td>0.148577</td>\n",
              "      <td>0.033651</td>\n",
              "      <td>0.510680</td>\n",
              "      <td>0.037227</td>\n",
              "      <td>0.117587</td>\n",
              "      <td>0.602487</td>\n",
              "      <td>1.000000</td>\n",
              "      <td>0.258468</td>\n",
              "      <td>0.119190</td>\n",
              "      <td>0.029773</td>\n",
              "      <td>0.100596</td>\n",
              "    </tr>\n",
              "    <tr>\n",
              "      <th>BMI</th>\n",
              "      <td>0.115517</td>\n",
              "      <td>0.098331</td>\n",
              "      <td>-0.120590</td>\n",
              "      <td>-0.149925</td>\n",
              "      <td>-0.108012</td>\n",
              "      <td>0.064677</td>\n",
              "      <td>-0.009087</td>\n",
              "      <td>0.233327</td>\n",
              "      <td>0.059401</td>\n",
              "      <td>0.097408</td>\n",
              "      <td>0.219806</td>\n",
              "      <td>0.258468</td>\n",
              "      <td>1.000000</td>\n",
              "      <td>0.038487</td>\n",
              "      <td>0.045513</td>\n",
              "      <td>0.057267</td>\n",
              "    </tr>\n",
              "    <tr>\n",
              "      <th>heartRate</th>\n",
              "      <td>-0.089758</td>\n",
              "      <td>-0.012016</td>\n",
              "      <td>-0.045058</td>\n",
              "      <td>0.060750</td>\n",
              "      <td>0.062167</td>\n",
              "      <td>-0.015720</td>\n",
              "      <td>-0.016437</td>\n",
              "      <td>0.115267</td>\n",
              "      <td>0.037898</td>\n",
              "      <td>0.051303</td>\n",
              "      <td>0.111201</td>\n",
              "      <td>0.119190</td>\n",
              "      <td>0.038487</td>\n",
              "      <td>1.000000</td>\n",
              "      <td>0.059743</td>\n",
              "      <td>0.015280</td>\n",
              "    </tr>\n",
              "    <tr>\n",
              "      <th>glucose</th>\n",
              "      <td>-0.001420</td>\n",
              "      <td>0.074492</td>\n",
              "      <td>-0.025284</td>\n",
              "      <td>-0.067990</td>\n",
              "      <td>-0.070037</td>\n",
              "      <td>0.015857</td>\n",
              "      <td>0.003514</td>\n",
              "      <td>0.061170</td>\n",
              "      <td>0.167779</td>\n",
              "      <td>0.012432</td>\n",
              "      <td>0.069853</td>\n",
              "      <td>0.029773</td>\n",
              "      <td>0.045513</td>\n",
              "      <td>0.059743</td>\n",
              "      <td>1.000000</td>\n",
              "      <td>0.038098</td>\n",
              "    </tr>\n",
              "    <tr>\n",
              "      <th>TenYearCHD</th>\n",
              "      <td>0.097138</td>\n",
              "      <td>0.185685</td>\n",
              "      <td>-0.060389</td>\n",
              "      <td>0.001644</td>\n",
              "      <td>0.027315</td>\n",
              "      <td>0.086845</td>\n",
              "      <td>0.062357</td>\n",
              "      <td>0.163910</td>\n",
              "      <td>0.105644</td>\n",
              "      <td>0.077161</td>\n",
              "      <td>0.153780</td>\n",
              "      <td>0.100596</td>\n",
              "      <td>0.057267</td>\n",
              "      <td>0.015280</td>\n",
              "      <td>0.038098</td>\n",
              "      <td>1.000000</td>\n",
              "    </tr>\n",
              "  </tbody>\n",
              "</table>\n",
              "</div>\n",
              "    <div class=\"colab-df-buttons\">\n",
              "\n",
              "  <div class=\"colab-df-container\">\n",
              "    <button class=\"colab-df-convert\" onclick=\"convertToInteractive('df-0cbfc8bd-0f4b-4c5b-9d8b-926af02e2ef4')\"\n",
              "            title=\"Convert this dataframe to an interactive table.\"\n",
              "            style=\"display:none;\">\n",
              "\n",
              "  <svg xmlns=\"http://www.w3.org/2000/svg\" height=\"24px\" viewBox=\"0 -960 960 960\">\n",
              "    <path d=\"M120-120v-720h720v720H120Zm60-500h600v-160H180v160Zm220 220h160v-160H400v160Zm0 220h160v-160H400v160ZM180-400h160v-160H180v160Zm440 0h160v-160H620v160ZM180-180h160v-160H180v160Zm440 0h160v-160H620v160Z\"/>\n",
              "  </svg>\n",
              "    </button>\n",
              "\n",
              "  <style>\n",
              "    .colab-df-container {\n",
              "      display:flex;\n",
              "      gap: 12px;\n",
              "    }\n",
              "\n",
              "    .colab-df-convert {\n",
              "      background-color: #E8F0FE;\n",
              "      border: none;\n",
              "      border-radius: 50%;\n",
              "      cursor: pointer;\n",
              "      display: none;\n",
              "      fill: #1967D2;\n",
              "      height: 32px;\n",
              "      padding: 0 0 0 0;\n",
              "      width: 32px;\n",
              "    }\n",
              "\n",
              "    .colab-df-convert:hover {\n",
              "      background-color: #E2EBFA;\n",
              "      box-shadow: 0px 1px 2px rgba(60, 64, 67, 0.3), 0px 1px 3px 1px rgba(60, 64, 67, 0.15);\n",
              "      fill: #174EA6;\n",
              "    }\n",
              "\n",
              "    .colab-df-buttons div {\n",
              "      margin-bottom: 4px;\n",
              "    }\n",
              "\n",
              "    [theme=dark] .colab-df-convert {\n",
              "      background-color: #3B4455;\n",
              "      fill: #D2E3FC;\n",
              "    }\n",
              "\n",
              "    [theme=dark] .colab-df-convert:hover {\n",
              "      background-color: #434B5C;\n",
              "      box-shadow: 0px 1px 3px 1px rgba(0, 0, 0, 0.15);\n",
              "      filter: drop-shadow(0px 1px 2px rgba(0, 0, 0, 0.3));\n",
              "      fill: #FFFFFF;\n",
              "    }\n",
              "  </style>\n",
              "\n",
              "    <script>\n",
              "      const buttonEl =\n",
              "        document.querySelector('#df-0cbfc8bd-0f4b-4c5b-9d8b-926af02e2ef4 button.colab-df-convert');\n",
              "      buttonEl.style.display =\n",
              "        google.colab.kernel.accessAllowed ? 'block' : 'none';\n",
              "\n",
              "      async function convertToInteractive(key) {\n",
              "        const element = document.querySelector('#df-0cbfc8bd-0f4b-4c5b-9d8b-926af02e2ef4');\n",
              "        const dataTable =\n",
              "          await google.colab.kernel.invokeFunction('convertToInteractive',\n",
              "                                                    [key], {});\n",
              "        if (!dataTable) return;\n",
              "\n",
              "        const docLinkHtml = 'Like what you see? Visit the ' +\n",
              "          '<a target=\"_blank\" href=https://colab.research.google.com/notebooks/data_table.ipynb>data table notebook</a>'\n",
              "          + ' to learn more about interactive tables.';\n",
              "        element.innerHTML = '';\n",
              "        dataTable['output_type'] = 'display_data';\n",
              "        await google.colab.output.renderOutput(dataTable, element);\n",
              "        const docLink = document.createElement('div');\n",
              "        docLink.innerHTML = docLinkHtml;\n",
              "        element.appendChild(docLink);\n",
              "      }\n",
              "    </script>\n",
              "  </div>\n",
              "\n",
              "\n",
              "<div id=\"df-22593f5e-80e0-4ccd-a029-ccc729b60b3a\">\n",
              "  <button class=\"colab-df-quickchart\" onclick=\"quickchart('df-22593f5e-80e0-4ccd-a029-ccc729b60b3a')\"\n",
              "            title=\"Suggest charts\"\n",
              "            style=\"display:none;\">\n",
              "\n",
              "<svg xmlns=\"http://www.w3.org/2000/svg\" height=\"24px\"viewBox=\"0 0 24 24\"\n",
              "     width=\"24px\">\n",
              "    <g>\n",
              "        <path d=\"M19 3H5c-1.1 0-2 .9-2 2v14c0 1.1.9 2 2 2h14c1.1 0 2-.9 2-2V5c0-1.1-.9-2-2-2zM9 17H7v-7h2v7zm4 0h-2V7h2v10zm4 0h-2v-4h2v4z\"/>\n",
              "    </g>\n",
              "</svg>\n",
              "  </button>\n",
              "\n",
              "<style>\n",
              "  .colab-df-quickchart {\n",
              "      --bg-color: #E8F0FE;\n",
              "      --fill-color: #1967D2;\n",
              "      --hover-bg-color: #E2EBFA;\n",
              "      --hover-fill-color: #174EA6;\n",
              "      --disabled-fill-color: #AAA;\n",
              "      --disabled-bg-color: #DDD;\n",
              "  }\n",
              "\n",
              "  [theme=dark] .colab-df-quickchart {\n",
              "      --bg-color: #3B4455;\n",
              "      --fill-color: #D2E3FC;\n",
              "      --hover-bg-color: #434B5C;\n",
              "      --hover-fill-color: #FFFFFF;\n",
              "      --disabled-bg-color: #3B4455;\n",
              "      --disabled-fill-color: #666;\n",
              "  }\n",
              "\n",
              "  .colab-df-quickchart {\n",
              "    background-color: var(--bg-color);\n",
              "    border: none;\n",
              "    border-radius: 50%;\n",
              "    cursor: pointer;\n",
              "    display: none;\n",
              "    fill: var(--fill-color);\n",
              "    height: 32px;\n",
              "    padding: 0;\n",
              "    width: 32px;\n",
              "  }\n",
              "\n",
              "  .colab-df-quickchart:hover {\n",
              "    background-color: var(--hover-bg-color);\n",
              "    box-shadow: 0 1px 2px rgba(60, 64, 67, 0.3), 0 1px 3px 1px rgba(60, 64, 67, 0.15);\n",
              "    fill: var(--button-hover-fill-color);\n",
              "  }\n",
              "\n",
              "  .colab-df-quickchart-complete:disabled,\n",
              "  .colab-df-quickchart-complete:disabled:hover {\n",
              "    background-color: var(--disabled-bg-color);\n",
              "    fill: var(--disabled-fill-color);\n",
              "    box-shadow: none;\n",
              "  }\n",
              "\n",
              "  .colab-df-spinner {\n",
              "    border: 2px solid var(--fill-color);\n",
              "    border-color: transparent;\n",
              "    border-bottom-color: var(--fill-color);\n",
              "    animation:\n",
              "      spin 1s steps(1) infinite;\n",
              "  }\n",
              "\n",
              "  @keyframes spin {\n",
              "    0% {\n",
              "      border-color: transparent;\n",
              "      border-bottom-color: var(--fill-color);\n",
              "      border-left-color: var(--fill-color);\n",
              "    }\n",
              "    20% {\n",
              "      border-color: transparent;\n",
              "      border-left-color: var(--fill-color);\n",
              "      border-top-color: var(--fill-color);\n",
              "    }\n",
              "    30% {\n",
              "      border-color: transparent;\n",
              "      border-left-color: var(--fill-color);\n",
              "      border-top-color: var(--fill-color);\n",
              "      border-right-color: var(--fill-color);\n",
              "    }\n",
              "    40% {\n",
              "      border-color: transparent;\n",
              "      border-right-color: var(--fill-color);\n",
              "      border-top-color: var(--fill-color);\n",
              "    }\n",
              "    60% {\n",
              "      border-color: transparent;\n",
              "      border-right-color: var(--fill-color);\n",
              "    }\n",
              "    80% {\n",
              "      border-color: transparent;\n",
              "      border-right-color: var(--fill-color);\n",
              "      border-bottom-color: var(--fill-color);\n",
              "    }\n",
              "    90% {\n",
              "      border-color: transparent;\n",
              "      border-bottom-color: var(--fill-color);\n",
              "    }\n",
              "  }\n",
              "</style>\n",
              "\n",
              "  <script>\n",
              "    async function quickchart(key) {\n",
              "      const quickchartButtonEl =\n",
              "        document.querySelector('#' + key + ' button');\n",
