{
  "nbformat": 4,
  "nbformat_minor": 0,
  "metadata": {
    "colab": {
      "provenance": [],
      "include_colab_link": true
    },
    "kernelspec": {
      "name": "python3",
      "display_name": "Python 3"
    },
    "language_info": {
      "name": "python"
    }
  },
  "cells": [
    {
      "cell_type": "markdown",
      "metadata": {
        "id": "view-in-github",
        "colab_type": "text"
      },
      "source": [
        "<a href=\"https://colab.research.google.com/github/gsilver321/project_chd/blob/main/project2_paper.ipynb\" target=\"_parent\"><img src=\"https://colab.research.google.com/assets/colab-badge.svg\" alt=\"Open In Colab\"/></a>"
      ]
    },
    {
      "cell_type": "markdown",
      "source": [
        "# Project 2 CHD Paper\n",
        "### DS 3001: Foundations of Machine Learning\n",
        "### Gabe Silverstein, Rohan Chowla, Evan Stewart, and Rithwik Raman"
      ],
      "metadata": {
        "id": "QgTji24zS5BU"
      }
    },
    {
      "cell_type": "markdown",
      "source": [
        "## Summary\n",
        "\n",
        ">  A one paragraph description of the question, methods, and results (about 350 words).\n",
        "\n",
        "\n"
      ],
      "metadata": {
        "id": "POhWBxzNWtVO"
      }
    },
    {
      "cell_type": "markdown",
      "source": [
        "## Data Analysis\n",
        "\n",
        "\n",
        "\n",
        "> One to two pages discussing the data and key variables, and any challenges in reading, cleaning, and preparing them for analysis."
      ],
      "metadata": {
        "id": "PHgCJ9rQW2DC"
      }
    },
    {
      "cell_type": "code",
      "source": [
        "import numpy as np\n",
        "import pandas as pd\n",
        "import matplotlib.pyplot as plt\n",
        "import seaborn as sns\n",
        "from sklearn.metrics import classification_report, confusion_matrix, ConfusionMatrixDisplay, RocCurveDisplay\n",
        "from sklearn.preprocessing import MinMaxScaler\n",
        "from sklearn.feature_selection import SelectKBest, chi2\n",
        "from sklearn.neighbors import KNeighborsClassifier\n",
        "\n",
        "! git clone https://github.com/gsilver321/project_chd"
      ],
      "metadata": {
        "colab": {
          "base_uri": "https://localhost:8080/"
        },
        "id": "YwrX93QXW1Uz",
        "outputId": "19881aea-0706-47a8-ec92-021297d6be28"
      },
      "execution_count": 1,
      "outputs": [
        {
          "output_type": "stream",
          "name": "stdout",
          "text": [
            "Cloning into 'project_chd'...\n",
            "remote: Enumerating objects: 18, done.\u001b[K\n",
            "remote: Counting objects: 100% (9/9), done.\u001b[K\n",
            "remote: Compressing objects: 100% (8/8), done.\u001b[K\n",
            "remote: Total 18 (delta 3), reused 4 (delta 1), pack-reused 9\u001b[K\n",
            "Receiving objects: 100% (18/18), 702.40 KiB | 8.36 MiB/s, done.\n",
            "Resolving deltas: 100% (5/5), done.\n"
          ]
        }
      ]
    },
    {
      "cell_type": "code",
      "source": [
        "df_train = pd.read_csv('project_chd/fhs_train_clean.csv') # data cleaning can be found at chd_cleaning.ipynb in GitHub\n",
        "df_test = pd.read_csv('project_chd/fhs_test_clean.csv')"
      ],
      "metadata": {
        "id": "A4dUj84Tq-O0"
      },
      "execution_count": 2,
      "outputs": []
    },
    {
      "cell_type": "code",
      "source": [
        "df_train.corr(method='kendall') # look for any relationships between variables. Use kendall coefficient to check for nonlinear relationship"
      ],
      "metadata": {
        "colab": {
          "base_uri": "https://localhost:8080/",
          "height": 571
        },
        "id": "pD9j7UhWOF5X",
        "outputId": "ea645410-b89b-4223-bcdf-0358acf3bbb6"
      },
      "execution_count": 3,
      "outputs": [
        {
          "output_type": "execute_result",
          "data": {
            "text/plain": [
              "                      sex       age  education  currentSmoker  cigsPerDay  \\\n",
              "sex              1.000000 -0.032634  -0.015515       0.198117    0.258593   \n",
              "age             -0.032634  1.000000  -0.152685      -0.178461   -0.166228   \n",
              "education       -0.015515 -0.152685   1.000000       0.018438    0.010701   \n",
              "currentSmoker    0.198117 -0.178461   0.018438       1.000000    0.834697   \n",
              "cigsPerDay       0.258593 -0.166228   0.010701       0.834697    1.000000   \n",
              "BPMeds          -0.042453  0.092224  -0.016221      -0.050967   -0.045587   \n",
              "prevalentStroke  0.007104  0.049907  -0.028266      -0.033461   -0.030472   \n",
              "prevalentHyp     0.010722  0.246111  -0.085961      -0.098607   -0.080183   \n",
              "diabetes         0.020140  0.078816  -0.038032      -0.038440   -0.031612   \n",
              "totChol         -0.051253  0.199068  -0.025145      -0.022107   -0.017653   \n",
              "sysBP            0.003470  0.272477  -0.107209      -0.111075   -0.083113   \n",
              "diaBP            0.061394  0.145405  -0.055818      -0.088206   -0.060188   \n",
              "BMI              0.115394  0.098332  -0.120609      -0.149895   -0.108014   \n",
              "heartRate       -0.089771 -0.012041  -0.045062       0.060708    0.062147   \n",
              "glucose         -0.001255  0.074517  -0.025397      -0.068165   -0.070121   \n",
              "TenYearCHD       0.097138  0.185685  -0.060389       0.001644    0.027312   \n",
              "\n",
              "                   BPMeds  prevalentStroke  prevalentHyp  diabetes   totChol  \\\n",
              "sex             -0.042453         0.007104      0.010722  0.020140 -0.051253   \n",
              "age              0.092224         0.049907      0.246111  0.078816  0.199068   \n",
              "education       -0.016221        -0.028266     -0.085961 -0.038032 -0.025145   \n",
              "currentSmoker   -0.050967        -0.033461     -0.098607 -0.038440 -0.022107   \n",
              "cigsPerDay      -0.045587        -0.030472     -0.080183 -0.031612 -0.017653   \n",
              "BPMeds           1.000000         0.124104      0.252398  0.053527  0.055855   \n",
              "prevalentStroke  0.124104         1.000000      0.068668 -0.013348 -0.001264   \n",
              "prevalentHyp     0.252398         0.068668      1.000000  0.081750  0.133853   \n",
              "diabetes         0.053527        -0.013348      0.081750  1.000000  0.025129   \n",
              "totChol          0.055855        -0.001264      0.133853  0.025129  1.000000   \n",
              "sysBP            0.162683         0.046450      0.571121  0.072755  0.150631   \n",
              "diaBP            0.148483         0.033646      0.510599  0.037296  0.117536   \n",
              "BMI              0.064726        -0.008960      0.233331  0.059449  0.097305   \n",
              "heartRate       -0.015728        -0.016434      0.115294  0.037928  0.051322   \n",
              "glucose          0.015824         0.003665      0.061179  0.171044  0.012545   \n",
              "TenYearCHD       0.086845         0.062357      0.163910  0.105644  0.077192   \n",
              "\n",
              "                    sysBP     diaBP       BMI  heartRate   glucose  TenYearCHD  \n",
              "sex              0.003470  0.061394  0.115394  -0.089771 -0.001255    0.097138  \n",
              "age              0.272477  0.145405  0.098332  -0.012041  0.074517    0.185685  \n",
              "education       -0.107209 -0.055818 -0.120609  -0.045062 -0.025397   -0.060389  \n",
              "currentSmoker   -0.111075 -0.088206 -0.149895   0.060708 -0.068165    0.001644  \n",
              "cigsPerDay      -0.083113 -0.060188 -0.108014   0.062147 -0.070121    0.027312  \n",
              "BPMeds           0.162683  0.148483  0.064726  -0.015728  0.015824    0.086845  \n",
              "prevalentStroke  0.046450  0.033646 -0.008960  -0.016434  0.003665    0.062357  \n",
              "prevalentHyp     0.571121  0.510599  0.233331   0.115294  0.061179    0.163910  \n",
              "diabetes         0.072755  0.037296  0.059449   0.037928  0.171044    0.105644  \n",
              "totChol          0.150631  0.117536  0.097305   0.051322  0.012545    0.077192  \n",
              "sysBP            1.000000  0.602391  0.219723   0.111231  0.069913    0.153997  \n",
              "diaBP            0.602391  1.000000  0.258513   0.119178  0.029739    0.100612  \n",
              "BMI              0.219723  0.258513  1.000000   0.038493  0.045579    0.057309  \n",
              "heartRate        0.111231  0.119178  0.038493   1.000000  0.059827    0.015306  \n",
              "glucose          0.069913  0.029739  0.045579   0.059827  1.000000    0.038896  \n",
              "TenYearCHD       0.153997  0.100612  0.057309   0.015306  0.038896    1.000000  "
            ],
            "text/html": [
              "\n",
              "  <div id=\"df-262f3add-0f8b-40d6-98b7-720ac9ae8fdd\" class=\"colab-df-container\">\n",
              "    <div>\n",
              "<style scoped>\n",
              "    .dataframe tbody tr th:only-of-type {\n",
              "        vertical-align: middle;\n",
              "    }\n",
              "\n",
              "    .dataframe tbody tr th {\n",
              "        vertical-align: top;\n",
              "    }\n",
              "\n",
              "    .dataframe thead th {\n",
              "        text-align: right;\n",
              "    }\n",
              "</style>\n",
              "<table border=\"1\" class=\"dataframe\">\n",
              "  <thead>\n",
              "    <tr style=\"text-align: right;\">\n",
              "      <th></th>\n",
              "      <th>sex</th>\n",
              "      <th>age</th>\n",
              "      <th>education</th>\n",
              "      <th>currentSmoker</th>\n",
              "      <th>cigsPerDay</th>\n",
              "      <th>BPMeds</th>\n",
              "      <th>prevalentStroke</th>\n",
              "      <th>prevalentHyp</th>\n",
              "      <th>diabetes</th>\n",
              "      <th>totChol</th>\n",
              "      <th>sysBP</th>\n",
              "      <th>diaBP</th>\n",
              "      <th>BMI</th>\n",
              "      <th>heartRate</th>\n",
              "      <th>glucose</th>\n",
              "      <th>TenYearCHD</th>\n",
              "    </tr>\n",
              "  </thead>\n",
              "  <tbody>\n",
              "    <tr>\n",
              "      <th>sex</th>\n",
              "      <td>1.000000</td>\n",
              "      <td>-0.032634</td>\n",
              "      <td>-0.015515</td>\n",
              "      <td>0.198117</td>\n",
              "      <td>0.258593</td>\n",
              "      <td>-0.042453</td>\n",
              "      <td>0.007104</td>\n",
              "      <td>0.010722</td>\n",
              "      <td>0.020140</td>\n",
              "      <td>-0.051253</td>\n",
              "      <td>0.003470</td>\n",
              "      <td>0.061394</td>\n",
              "      <td>0.115394</td>\n",
              "      <td>-0.089771</td>\n",
              "      <td>-0.001255</td>\n",
              "      <td>0.097138</td>\n",
              "    </tr>\n",
              "    <tr>\n",
              "      <th>age</th>\n",
              "      <td>-0.032634</td>\n",
              "      <td>1.000000</td>\n",
              "      <td>-0.152685</td>\n",
              "      <td>-0.178461</td>\n",
              "      <td>-0.166228</td>\n",
              "      <td>0.092224</td>\n",
              "      <td>0.049907</td>\n",
              "      <td>0.246111</td>\n",
              "      <td>0.078816</td>\n",
              "      <td>0.199068</td>\n",
              "      <td>0.272477</td>\n",
              "      <td>0.145405</td>\n",
              "      <td>0.098332</td>\n",
              "      <td>-0.012041</td>\n",
              "      <td>0.074517</td>\n",
              "      <td>0.185685</td>\n",
              "    </tr>\n",
              "    <tr>\n",
              "      <th>education</th>\n",
              "      <td>-0.015515</td>\n",
              "      <td>-0.152685</td>\n",
              "      <td>1.000000</td>\n",
              "      <td>0.018438</td>\n",
              "      <td>0.010701</td>\n",
              "      <td>-0.016221</td>\n",
              "      <td>-0.028266</td>\n",
              "      <td>-0.085961</td>\n",
              "      <td>-0.038032</td>\n",
              "      <td>-0.025145</td>\n",
              "      <td>-0.107209</td>\n",
              "      <td>-0.055818</td>\n",
              "      <td>-0.120609</td>\n",
              "      <td>-0.045062</td>\n",
              "      <td>-0.025397</td>\n",
              "      <td>-0.060389</td>\n",
              "    </tr>\n",
              "    <tr>\n",
              "      <th>currentSmoker</th>\n",
              "      <td>0.198117</td>\n",
              "      <td>-0.178461</td>\n",
              "      <td>0.018438</td>\n",
              "      <td>1.000000</td>\n",
              "      <td>0.834697</td>\n",
              "      <td>-0.050967</td>\n",
              "      <td>-0.033461</td>\n",
              "      <td>-0.098607</td>\n",
              "      <td>-0.038440</td>\n",
              "      <td>-0.022107</td>\n",
              "      <td>-0.111075</td>\n",
              "      <td>-0.088206</td>\n",
              "      <td>-0.149895</td>\n",
              "      <td>0.060708</td>\n",
              "      <td>-0.068165</td>\n",
              "      <td>0.001644</td>\n",
              "    </tr>\n",
              "    <tr>\n",
              "      <th>cigsPerDay</th>\n",
              "      <td>0.258593</td>\n",
              "      <td>-0.166228</td>\n",
              "      <td>0.010701</td>\n",
              "      <td>0.834697</td>\n",
              "      <td>1.000000</td>\n",
              "      <td>-0.045587</td>\n",
              "      <td>-0.030472</td>\n",
              "      <td>-0.080183</td>\n",
              "      <td>-0.031612</td>\n",
              "      <td>-0.017653</td>\n",
              "      <td>-0.083113</td>\n",
              "      <td>-0.060188</td>\n",
              "      <td>-0.108014</td>\n",
              "      <td>0.062147</td>\n",
              "      <td>-0.070121</td>\n",
              "      <td>0.027312</td>\n",
              "    </tr>\n",
              "    <tr>\n",
              "      <th>BPMeds</th>\n",
              "      <td>-0.042453</td>\n",
              "      <td>0.092224</td>\n",
              "      <td>-0.016221</td>\n",
              "      <td>-0.050967</td>\n",
              "      <td>-0.045587</td>\n",
              "      <td>1.000000</td>\n",
              "      <td>0.124104</td>\n",
              "      <td>0.252398</td>\n",
              "      <td>0.053527</td>\n",
              "      <td>0.055855</td>\n",
              "      <td>0.162683</td>\n",
              "      <td>0.148483</td>\n",
              "      <td>0.064726</td>\n",
              "      <td>-0.015728</td>\n",
              "      <td>0.015824</td>\n",
              "      <td>0.086845</td>\n",
              "    </tr>\n",
              "    <tr>\n",
              "      <th>prevalentStroke</th>\n",
              "      <td>0.007104</td>\n",
              "      <td>0.049907</td>\n",
              "      <td>-0.028266</td>\n",
              "      <td>-0.033461</td>\n",
              "      <td>-0.030472</td>\n",
              "      <td>0.124104</td>\n",
              "      <td>1.000000</td>\n",
              "      <td>0.068668</td>\n",
              "      <td>-0.013348</td>\n",
              "      <td>-0.001264</td>\n",
              "      <td>0.046450</td>\n",
              "      <td>0.033646</td>\n",
              "      <td>-0.008960</td>\n",
              "      <td>-0.016434</td>\n",
              "      <td>0.003665</td>\n",
              "      <td>0.062357</td>\n",
              "    </tr>\n",
              "    <tr>\n",
              "      <th>prevalentHyp</th>\n",
              "      <td>0.010722</td>\n",
              "      <td>0.246111</td>\n",
              "      <td>-0.085961</td>\n",
              "      <td>-0.098607</td>\n",
              "      <td>-0.080183</td>\n",
              "      <td>0.252398</td>\n",
              "      <td>0.068668</td>\n",
              "      <td>1.000000</td>\n",
              "      <td>0.081750</td>\n",
              "      <td>0.133853</td>\n",
              "      <td>0.571121</td>\n",
              "      <td>0.510599</td>\n",
              "      <td>0.233331</td>\n",
              "      <td>0.115294</td>\n",
              "      <td>0.061179</td>\n",
              "      <td>0.163910</td>\n",
              "    </tr>\n",
              "    <tr>\n",
              "      <th>diabetes</th>\n",
              "      <td>0.020140</td>\n",
              "      <td>0.078816</td>\n",
              "      <td>-0.038032</td>\n",
              "      <td>-0.038440</td>\n",
              "      <td>-0.031612</td>\n",
              "      <td>0.053527</td>\n",
              "      <td>-0.013348</td>\n",
              "      <td>0.081750</td>\n",
              "      <td>1.000000</td>\n",
              "      <td>0.025129</td>\n",
              "      <td>0.072755</td>\n",
              "      <td>0.037296</td>\n",
              "      <td>0.059449</td>\n",
              "      <td>0.037928</td>\n",
              "      <td>0.171044</td>\n",
              "      <td>0.105644</td>\n",
              "    </tr>\n",
              "    <tr>\n",
              "      <th>totChol</th>\n",
              "      <td>-0.051253</td>\n",
              "      <td>0.199068</td>\n",
              "      <td>-0.025145</td>\n",
              "      <td>-0.022107</td>\n",
              "      <td>-0.017653</td>\n",
              "      <td>0.055855</td>\n",
              "      <td>-0.001264</td>\n",
              "      <td>0.133853</td>\n",
              "      <td>0.025129</td>\n",
              "      <td>1.000000</td>\n",
              "      <td>0.150631</td>\n",
              "      <td>0.117536</td>\n",
              "      <td>0.097305</td>\n",
              "      <td>0.051322</td>\n",
              "      <td>0.012545</td>\n",
              "      <td>0.077192</td>\n",
              "    </tr>\n",
              "    <tr>\n",
              "      <th>sysBP</th>\n",
              "      <td>0.003470</td>\n",
              "      <td>0.272477</td>\n",
              "      <td>-0.107209</td>\n",
              "      <td>-0.111075</td>\n",
              "      <td>-0.083113</td>\n",
              "      <td>0.162683</td>\n",
              "      <td>0.046450</td>\n",
              "      <td>0.571121</td>\n",
              "      <td>0.072755</td>\n",
              "      <td>0.150631</td>\n",
              "      <td>1.000000</td>\n",
              "      <td>0.602391</td>\n",
              "      <td>0.219723</td>\n",
              "      <td>0.111231</td>\n",
              "      <td>0.069913</td>\n",
              "      <td>0.153997</td>\n",
              "    </tr>\n",
              "    <tr>\n",
              "      <th>diaBP</th>\n",
              "      <td>0.061394</td>\n",
              "      <td>0.145405</td>\n",
              "      <td>-0.055818</td>\n",
              "      <td>-0.088206</td>\n",
              "      <td>-0.060188</td>\n",
              "      <td>0.148483</td>\n",
              "      <td>0.033646</td>\n",
              "      <td>0.510599</td>\n",
              "      <td>0.037296</td>\n",
              "      <td>0.117536</td>\n",
              "      <td>0.602391</td>\n",
              "      <td>1.000000</td>\n",
              "      <td>0.258513</td>\n",
              "      <td>0.119178</td>\n",
              "      <td>0.029739</td>\n",
              "      <td>0.100612</td>\n",
              "    </tr>\n",
              "    <tr>\n",
              "      <th>BMI</th>\n",
              "      <td>0.115394</td>\n",
              "      <td>0.098332</td>\n",
              "      <td>-0.120609</td>\n",
              "      <td>-0.149895</td>\n",
              "      <td>-0.108014</td>\n",
              "      <td>0.064726</td>\n",
              "      <td>-0.008960</td>\n",
              "      <td>0.233331</td>\n",
              "      <td>0.059449</td>\n",
              "      <td>0.097305</td>\n",
              "      <td>0.219723</td>\n",
              "      <td>0.258513</td>\n",
              "      <td>1.000000</td>\n",
              "      <td>0.038493</td>\n",
              "      <td>0.045579</td>\n",
              "      <td>0.057309</td>\n",
              "    </tr>\n",
              "    <tr>\n",
              "      <th>heartRate</th>\n",
              "      <td>-0.089771</td>\n",
              "      <td>-0.012041</td>\n",
              "      <td>-0.045062</td>\n",
              "      <td>0.060708</td>\n",
              "      <td>0.062147</td>\n",
              "      <td>-0.015728</td>\n",
              "      <td>-0.016434</td>\n",
              "      <td>0.115294</td>\n",
              "      <td>0.037928</td>\n",
              "      <td>0.051322</td>\n",
              "      <td>0.111231</td>\n",
              "      <td>0.119178</td>\n",
              "      <td>0.038493</td>\n",
              "      <td>1.000000</td>\n",
              "      <td>0.059827</td>\n",
              "      <td>0.015306</td>\n",
              "    </tr>\n",
              "    <tr>\n",
              "      <th>glucose</th>\n",
              "      <td>-0.001255</td>\n",
              "      <td>0.074517</td>\n",
              "      <td>-0.025397</td>\n",
              "      <td>-0.068165</td>\n",
              "      <td>-0.070121</td>\n",
              "      <td>0.015824</td>\n",
              "      <td>0.003665</td>\n",
              "      <td>0.061179</td>\n",
              "      <td>0.171044</td>\n",
              "      <td>0.012545</td>\n",
              "      <td>0.069913</td>\n",
              "      <td>0.029739</td>\n",
              "      <td>0.045579</td>\n",
              "      <td>0.059827</td>\n",
              "      <td>1.000000</td>\n",
              "      <td>0.038896</td>\n",
              "    </tr>\n",
              "    <tr>\n",
              "      <th>TenYearCHD</th>\n",
              "      <td>0.097138</td>\n",
              "      <td>0.185685</td>\n",
              "      <td>-0.060389</td>\n",
              "      <td>0.001644</td>\n",
              "      <td>0.027312</td>\n",
              "      <td>0.086845</td>\n",
              "      <td>0.062357</td>\n",
              "      <td>0.163910</td>\n",
              "      <td>0.105644</td>\n",
              "      <td>0.077192</td>\n",
              "      <td>0.153997</td>\n",
              "      <td>0.100612</td>\n",
              "      <td>0.057309</td>\n",
              "      <td>0.015306</td>\n",
              "      <td>0.038896</td>\n",
              "      <td>1.000000</td>\n",
              "    </tr>\n",
              "  </tbody>\n",
              "</table>\n",
              "</div>\n",
              "    <div class=\"colab-df-buttons\">\n",
              "\n",
              "  <div class=\"colab-df-container\">\n",
              "    <button class=\"colab-df-convert\" onclick=\"convertToInteractive('df-262f3add-0f8b-40d6-98b7-720ac9ae8fdd')\"\n",
              "            title=\"Convert this dataframe to an interactive table.\"\n",
              "            style=\"display:none;\">\n",
              "\n",
              "  <svg xmlns=\"http://www.w3.org/2000/svg\" height=\"24px\" viewBox=\"0 -960 960 960\">\n",
              "    <path d=\"M120-120v-720h720v720H120Zm60-500h600v-160H180v160Zm220 220h160v-160H400v160Zm0 220h160v-160H400v160ZM180-400h160v-160H180v160Zm440 0h160v-160H620v160ZM180-180h160v-160H180v160Zm440 0h160v-160H620v160Z\"/>\n",
              "  </svg>\n",
              "    </button>\n",
              "\n",
              "  <style>\n",
              "    .colab-df-container {\n",
              "      display:flex;\n",
              "      gap: 12px;\n",
              "    }\n",
              "\n",
              "    .colab-df-convert {\n",
              "      background-color: #E8F0FE;\n",
              "      border: none;\n",
              "      border-radius: 50%;\n",
              "      cursor: pointer;\n",
              "      display: none;\n",
              "      fill: #1967D2;\n",
              "      height: 32px;\n",
              "      padding: 0 0 0 0;\n",
              "      width: 32px;\n",
              "    }\n",
              "\n",
              "    .colab-df-convert:hover {\n",
              "      background-color: #E2EBFA;\n",
              "      box-shadow: 0px 1px 2px rgba(60, 64, 67, 0.3), 0px 1px 3px 1px rgba(60, 64, 67, 0.15);\n",
              "      fill: #174EA6;\n",
              "    }\n",
              "\n",
              "    .colab-df-buttons div {\n",
              "      margin-bottom: 4px;\n",
              "    }\n",
              "\n",
              "    [theme=dark] .colab-df-convert {\n",
              "      background-color: #3B4455;\n",
              "      fill: #D2E3FC;\n",
              "    }\n",
              "\n",
              "    [theme=dark] .colab-df-convert:hover {\n",
              "      background-color: #434B5C;\n",
              "      box-shadow: 0px 1px 3px 1px rgba(0, 0, 0, 0.15);\n",
              "      filter: drop-shadow(0px 1px 2px rgba(0, 0, 0, 0.3));\n",
              "      fill: #FFFFFF;\n",
              "    }\n",
              "  </style>\n",
              "\n",
              "    <script>\n",
              "      const buttonEl =\n",
              "        document.querySelector('#df-262f3add-0f8b-40d6-98b7-720ac9ae8fdd button.colab-df-convert');\n",
              "      buttonEl.style.display =\n",
              "        google.colab.kernel.accessAllowed ? 'block' : 'none';\n",
              "\n",
              "      async function convertToInteractive(key) {\n",
              "        const element = document.querySelector('#df-262f3add-0f8b-40d6-98b7-720ac9ae8fdd');\n",
              "        const dataTable =\n",
              "          await google.colab.kernel.invokeFunction('convertToInteractive',\n",
              "                                                    [key], {});\n",
              "        if (!dataTable) return;\n",
              "\n",
              "        const docLinkHtml = 'Like what you see? Visit the ' +\n",
              "          '<a target=\"_blank\" href=https://colab.research.google.com/notebooks/data_table.ipynb>data table notebook</a>'\n",
              "          + ' to learn more about interactive tables.';\n",
              "        element.innerHTML = '';\n",
              "        dataTable['output_type'] = 'display_data';\n",
              "        await google.colab.output.renderOutput(dataTable, element);\n",
              "        const docLink = document.createElement('div');\n",
              "        docLink.innerHTML = docLinkHtml;\n",
              "        element.appendChild(docLink);\n",
              "      }\n",
              "    </script>\n",
              "  </div>\n",
              "\n",
              "\n",
              "<div id=\"df-0a77dd65-2d91-4218-b66b-24202af7dd53\">\n",
              "  <button class=\"colab-df-quickchart\" onclick=\"quickchart('df-0a77dd65-2d91-4218-b66b-24202af7dd53')\"\n",
              "            title=\"Suggest charts\"\n",
              "            style=\"display:none;\">\n",
              "\n",
              "<svg xmlns=\"http://www.w3.org/2000/svg\" height=\"24px\"viewBox=\"0 0 24 24\"\n",
              "     width=\"24px\">\n",
              "    <g>\n",
              "        <path d=\"M19 3H5c-1.1 0-2 .9-2 2v14c0 1.1.9 2 2 2h14c1.1 0 2-.9 2-2V5c0-1.1-.9-2-2-2zM9 17H7v-7h2v7zm4 0h-2V7h2v10zm4 0h-2v-4h2v4z\"/>\n",
              "    </g>\n",
              "</svg>\n",
              "  </button>\n",
              "\n",
              "<style>\n",
              "  .colab-df-quickchart {\n",
              "      --bg-color: #E8F0FE;\n",
              "      --fill-color: #1967D2;\n",
              "      --hover-bg-color: #E2EBFA;\n",
              "      --hover-fill-color: #174EA6;\n",
              "      --disabled-fill-color: #AAA;\n",
              "      --disabled-bg-color: #DDD;\n",
              "  }\n",
              "\n",
              "  [theme=dark] .colab-df-quickchart {\n",
              "      --bg-color: #3B4455;\n",
              "      --fill-color: #D2E3FC;\n",
              "      --hover-bg-color: #434B5C;\n",
              "      --hover-fill-color: #FFFFFF;\n",
              "      --disabled-bg-color: #3B4455;\n",
              "      --disabled-fill-color: #666;\n",
              "  }\n",
              "\n",
              "  .colab-df-quickchart {\n",
              "    background-color: var(--bg-color);\n",
              "    border: none;\n",
              "    border-radius: 50%;\n",
              "    cursor: pointer;\n",
              "    display: none;\n",
              "    fill: var(--fill-color);\n",
              "    height: 32px;\n",
              "    padding: 0;\n",
              "    width: 32px;\n",
              "  }\n",
              "\n",
              "  .colab-df-quickchart:hover {\n",
              "    background-color: var(--hover-bg-color);\n",
              "    box-shadow: 0 1px 2px rgba(60, 64, 67, 0.3), 0 1px 3px 1px rgba(60, 64, 67, 0.15);\n",
              "    fill: var(--button-hover-fill-color);\n",
              "  }\n",
              "\n",
              "  .colab-df-quickchart-complete:disabled,\n",
              "  .colab-df-quickchart-complete:disabled:hover {\n",
              "    background-color: var(--disabled-bg-color);\n",
              "    fill: var(--disabled-fill-color);\n",
              "    box-shadow: none;\n",
              "  }\n",
              "\n",
              "  .colab-df-spinner {\n",
              "    border: 2px solid var(--fill-color);\n",
              "    border-color: transparent;\n",
              "    border-bottom-color: var(--fill-color);\n",
              "    animation:\n",
              "      spin 1s steps(1) infinite;\n",
              "  }\n",
              "\n",
              "  @keyframes spin {\n",
              "    0% {\n",
              "      border-color: transparent;\n",
              "      border-bottom-color: var(--fill-color);\n",
              "      border-left-color: var(--fill-color);\n",
              "    }\n",
              "    20% {\n",
              "      border-color: transparent;\n",
              "      border-left-color: var(--fill-color);\n",
              "      border-top-color: var(--fill-color);\n",
              "    }\n",
              "    30% {\n",
              "      border-color: transparent;\n",
              "      border-left-color: var(--fill-color);\n",
              "      border-top-color: var(--fill-color);\n",
              "      border-right-color: var(--fill-color);\n",
              "    }\n",
              "    40% {\n",
              "      border-color: transparent;\n",
              "      border-right-color: var(--fill-color);\n",
              "      border-top-color: var(--fill-color);\n",
              "    }\n",
              "    60% {\n",
              "      border-color: transparent;\n",
              "      border-right-color: var(--fill-color);\n",
              "    }\n",
              "    80% {\n",
              "      border-color: transparent;\n",
              "      border-right-color: var(--fill-color);\n",
              "      border-bottom-color: var(--fill-color);\n",
              "    }\n",
              "    90% {\n",
              "      border-color: transparent;\n",
              "      border-bottom-color: var(--fill-color);\n",
              "    }\n",
              "  }\n",
              "</style>\n",
              "\n",
              "  <script>\n",
              "    async function quickchart(key) {\n",
              "      const quickchartButtonEl =\n",
              "        document.querySelector('#' + key + ' button');\n",
              "      quickchartButtonEl.disabled = true;  // To prevent multiple clicks.\n",
              "      quickchartButtonEl.classList.add('colab-df-spinner');\n",
              "      try {\n",
              "        const charts = await google.colab.kernel.invokeFunction(\n",
              "            'suggestCharts', [key], {});\n",
              "      } catch (error) {\n",
              "        console.error('Error during call to suggestCharts:', error);\n",
              "      }\n",
              "      quickchartButtonEl.classList.remove('colab-df-spinner');\n",
              "      quickchartButtonEl.classList.add('colab-df-quickchart-complete');\n",
              "    }\n",
              "    (() => {\n",
              "      let quickchartButtonEl =\n",
              "        document.querySelector('#df-0a77dd65-2d91-4218-b66b-24202af7dd53 button');\n",
              "      quickchartButtonEl.style.display =\n",
              "        google.colab.kernel.accessAllowed ? 'block' : 'none';\n",
              "    })();\n",
              "  </script>\n",
              "</div>\n",
              "    </div>\n",
              "  </div>\n"
            ],
            "application/vnd.google.colaboratory.intrinsic+json": {
              "type": "dataframe",
